0.072862  	0.077029  	0.102524  	0.102524  	0.102524  	0.102524  	0.104958  	
0.013584  	0.025998  	0.029505  	0.029505  	0.046776  	0.049636  	0.075522  	0.075522  	0.075522  	0.075522  	0.075522  	0.075522  	0.075522  	0.075522  	0.075522  	0.088605  	0.088605  	0.088605  	0.088605  	0.088605  	
0.110260  	0.141507  	0.260928  	0.260928  	0.290033  	0.447595  	0.538486  	0.538486  	0.579773  	0.579773  	0.581806  	0.581806  	0.581806  	0.581806  	0.581806  	0.581806  	0.613619  	0.613619  	0.613619  	0.613619  	
0.039364  	0.136843  	0.149172  	0.172273  	0.177488  	0.177488  	0.219875  	0.219875  	0.219875  	0.219875  	0.219875  	0.219875  	0.219875  	0.219875  	0.219875  	0.219875  	0.219875  	0.263502  	0.572306  	0.587824  	
0.034086  	0.034086  	0.043754  	0.060737  	0.060737  	0.060737  	0.060737  	0.060737  	0.060737  	0.060737  	0.060737  	0.071457  	0.071457  	0.071457  	0.071457  	0.071457  	0.071457  	0.071457  	0.071457  	0.071457  	
0.023916  	0.039267  	0.050084  	0.050084  	0.056132  	0.061744  	0.061744  	0.061744  	0.061744  	0.078882  	0.078882  	0.078882  	0.078882  	0.078882  	0.078882  	0.078882  	0.104394  	0.104394  	0.104394  	0.104394  	
0.083735  	0.086187  	0.086187  	0.086187  	0.086187  	0.086187  	0.128440  	0.128440  	0.128440  	0.128440  	0.128440  	0.128440  	0.128440  	0.128440  	0.128440  	0.128440  	0.128440  	
0.102607  	0.189173  	0.189173  	0.226124  	0.256097  	0.262681  	0.448986  	0.452247  	0.484006  	0.484006  	0.484006  	0.484006  	0.484006  	0.534782  	0.542787  	0.542787  	0.542787  	0.542787  	0.542787  	0.592647  	
0.076953  	0.081815  	0.081815  	0.098279  	0.098279  	0.098279  	0.098279  	0.098279  	0.145516  	0.145516  	0.145516  	0.145516  	0.145516  	0.145516  	0.145516  	0.145516  	0.145516  	0.145516  	0.145516  	0.145516  	
0.022261  	0.051742  	0.093983  	0.093983  	0.129962  	0.129962  	0.129962  	0.129962  	
0.003356  	0.027977  	0.035097  	0.047417  	0.084148  	0.084148  	0.096298  	0.096298  	0.096298  	0.096298  	0.096298  	0.096298  	0.096298  	
0.003336  	0.031665  	0.031665  	0.034698  	0.039952  	0.048931  	0.048931  	0.048931  	0.072931  	0.072931  	0.072931  	0.072931  	0.082153  	0.082153  	0.082153  	0.091772  	0.091772  	0.091772  	0.091772  	0.091772  	
0.018465  	0.034321  	0.049996  	0.053810  	0.085038  	0.085038  	0.085038  	0.085038  	0.085038  	0.085038  	0.085038  	0.108252  	0.108252  	0.108252  	0.108252  	0.108252  	0.108252  	0.108252  	0.108252  	0.108252  	
0.018436  	0.114971  	0.170082  	0.170082  	0.191577  	0.191577  	0.244481  	0.370370  	0.415807  	0.415807  	0.415807  	0.415807  	0.415807  	0.461503  	0.461503  	0.461503  	0.461503  	0.461503  	0.461503  	0.509081  	
0.095680  	0.095680  	0.095680  	0.158317  	0.158317  	0.158317  	0.158317  	0.158317  	
0.039694  	0.062941  	
0.027710  	0.071007  	0.071007  	0.082402  	0.082402  	0.082402  	0.082402  	0.082402  	0.082402  	0.082402  	0.082402  	0.082402  	0.114507  	0.114507  	0.114507  	0.114507  	0.114507  	0.114507  	0.114507  	0.114507  	
0.026198  	0.057328  	0.057328  	0.059152  	0.063067  	0.088365  	0.088365  	0.088365  	0.116555  	0.116555  	0.116555  	
0.022502  	0.042625  	0.043810  	0.047563  	0.055076  	0.058413  	0.065135  	0.087861  	0.087861  	0.087861  	0.095125  	0.108663  	0.108663  	0.108663  	0.108663  	0.108663  	0.108663  	
0.033605  	0.090387  	0.091493  	0.091493  	0.135961  	0.135961  	0.135961  	0.135961  	0.135961  	0.135961  	0.135961  	0.135961  	0.135961  	
0.123631  	0.123631  	0.200508  	0.200508  	0.200508  	0.200508  	0.328837  	0.328837  	0.328837  	0.328837  	0.465534  	
0.065735  	0.160947  	0.160947  	0.160947  	0.160947  	0.160947  	0.160947  	0.316305  	0.316305  	0.316305  	0.399833  	0.399833  	0.399833  	0.399833  	
0.025212  	0.038362  	0.053438  	0.053438  	0.053438  	0.070032  	0.070032  	0.071500  	0.087710  	0.132605  	0.132605  	
0.113957  	0.137024  	0.137024  	0.196678  	0.216239  	0.339586  	0.394228  	0.394228  	0.394228  	0.443684  	0.443684  	0.443684  	0.443684  	0.445504  	0.445504  	0.476550  	0.476550  	0.496124  	0.496124  	0.529180  	
0.141868  	0.141868  	0.234916  	0.314296  	0.321551  	0.321551  	0.324584  	0.425468  	0.425468  	0.425468  	0.425468  	0.516064  	0.516064  	0.518984  	0.624035  	0.624035  	0.705027  	0.705027  	0.705027  	0.705027  	
0.019744  	0.023292  	0.025013  	0.026900  	0.031278  	0.035916  	0.035916  	0.035916  	0.035916  	0.035916  	0.040797  	0.040797  	0.070122  	0.070122  	0.070122  	0.070122  	0.070122  	0.070122  	0.070122  	0.081306  	
0.006851  	0.080536  	0.081489  	0.105947  	0.113912  	0.134542  	0.172267  	0.172267  	0.172267  	0.172267  	0.172267  	0.269085  	0.326527  	0.326527  	0.326527  	0.357564  	0.357564  	0.357564  	0.357564  	0.357564  	
0.216599  	0.403379  	0.726790  	0.794476  	0.794476  	0.806071  	0.806758  	
0.123631  	0.200508  	0.200508  	0.200508  	0.271825  	0.328837  	0.328837  	
0.053317  	0.053317  	0.062886  	0.112468  	0.112468  	0.183859  	
0.023357  	0.045924  	0.057340  	0.086794  	0.086794  	0.086794  	0.086794  	0.086794  	0.086794  	0.120386  	0.120386  	0.120386  	0.120386  	0.120386  	0.120386  	0.120386  	0.120386  	0.120386  	0.120386  	0.120386  	
0.044346  	0.087097  	0.087097  	0.087097  	0.087097  	0.087097  	0.087097  	0.129733  	0.129733  	0.129733  	0.129733  	0.129733  	0.129733  	0.129733  	
0.016054  	0.031544  	0.033329  	0.040420  	0.050081  	0.060410  	0.081094  	0.081094  	0.081094  	0.081094  	0.103353  	0.103353  	0.103353  	0.103353  	0.103353  	0.103353  	0.103353  	0.103353  	0.103353  	0.103353  	
0.062067  	0.109875  	0.179955  	0.179955  	0.179955  	0.179955  	0.179955  	0.179955  	0.179955  	0.179955  	
0.017456  	0.018304  	0.026813  	0.046882  	0.046882  	0.074220  	0.074220  	0.074220  	0.074220  	0.074220  	0.074220  	0.074220  	0.074220  	0.074220  	0.074220  	0.074220  	0.074220  	0.074220  	0.088428  	0.088428  	
0.048751  	0.079717  	0.084946  	0.100789  	0.100789  	0.106366  	0.149034  	0.149034  	0.149034  	0.149034  	0.149034  	0.149034  	0.149034  	0.149034  	0.149034  	0.149034  	0.149034  	0.212731  	
0.010050  	0.042199  	0.049427  	0.060343  	0.075167  	0.075167  	0.075167  	0.091191  	0.091191  	0.091191  	0.091191  	0.091191  	0.091191  	0.091191  	0.091191  	0.091191  	0.091191  	0.091191  	0.091191  	0.091191  	
0.027682  	0.051157  	0.051157  	0.087465  	0.087465  	0.087465  	0.130255  	0.130255  	0.130255  	0.130255  	0.130255  	0.130255  	0.130255  	
0.013536  	0.027072  	0.038118  	0.038118  	0.038118  	0.047676  	0.063359  	0.063359  	0.063359  	0.063359  	0.063359  	0.073550  	0.073550  	0.073550  	0.073550  	0.073550  	0.073550  	0.073550  	0.073550  	0.084310  	
0.094808  	0.140801  	0.140801  	0.140801  	
0.030860  	0.037149  	0.037149  	0.048908  	0.068934  	0.068934  	0.068934  	0.068934  	0.068934  	0.068934  	0.074298  	0.074298  	0.083750  	0.083750  	0.083750  	0.083750  	0.083750  	0.083750  	0.083750  	0.083750  	
0.021547  	0.037599  	0.037599  	0.042356  	0.056364  	0.056364  	0.057977  	0.057977  	0.077294  	0.077294  	0.077294  	0.077294  	0.077294  	0.098622  	0.098622  	0.098622  	0.098622  	0.098622  	0.098622  	0.098622  	
0.073918  	0.093464  	0.093464  	0.129272  	0.129272  	0.129272  	0.129272  	0.129272  	0.132266  	0.168106  	0.168106  	0.168106  	0.168106  	0.168106  	0.168106  	0.168106  	0.183560  	0.254187  	0.340206  	0.342836  	
0.025307  	0.060612  	0.084612  	0.084612  	0.111752  	0.111752  	0.111752  	0.111752  	0.111752  	0.111752  	0.111752  	0.111752  	0.111752  	0.111752  	0.111752  	0.111752  	0.111752  	0.136337  	0.136337  	0.181835  	
0.051653  	0.073348  	0.092106  	0.092106  	0.092836  	0.092836  	0.137857  	0.137857  	0.137857  	0.137857  	0.137857  	0.137857  	0.137857  	0.137857  	0.137857  	0.137857  	
0.036979  	0.053663  	0.070474  	0.115620  	0.126746  	0.161231  	0.161231  	0.161231  	0.161231  	0.161231  	0.180774  	0.180774  	0.180774  	0.180774  	0.180774  	0.192067  	0.193486  	0.295829  	0.380830  	0.380830  	
0.011859  	0.045943  	0.053073  	0.067624  	0.080366  	0.080366  	0.089640  	0.089640  	0.097381  	0.097381  	0.097381  	0.097381  	0.097381  	0.097381  	0.097381  	0.097381  	0.097381  	0.097381  	0.097381  	0.097381  	
0.119843  	0.143238  	0.194889  	
0.095680  	0.095680  	0.095680  	0.095680  	0.095680  	0.095680  	0.158317  	0.158317  	0.158317  	0.158317  	
0.003903  	0.028882  	0.066776  	0.066776  	0.066776  	0.066776  	0.066776  	0.066776  	0.066776  	0.066776  	0.066776  	0.066776  	0.066776  	0.066776  	0.066776  	0.066776  	0.066776  	0.079681  	0.079681  	0.079681  	
0.034394  	0.052729  	0.059601  	0.101393  	0.128241  	0.128241  	0.147534  	0.149839  	0.149839  	0.149839  	0.169715  	0.169715  	0.169715  	0.169715  	0.169715  	0.169715  	0.169715  	0.239270  	0.256510  	0.272585  	
0.026609  	0.033926  	0.038924  	0.038924  	0.066722  	0.066722  	0.066722  	0.066722  	0.066722  	0.078410  	0.078410  	0.078410  	0.078410  	0.078410  	0.078410  	0.078410  	0.078410  	0.078410  	0.078410  	0.078410  	
0.053719  	0.073863  	0.095411  	0.095444  	0.095444  	0.141487  	0.141487  	0.141487  	0.141487  	0.141487  	0.141487  	0.141487  	0.141487  	0.141487  	0.141487  	
0.091494  	0.108681  	0.108681  	0.108681  	0.108681  	0.108681  	0.127577  	0.178151  	0.178151  	0.178151  	0.178151  	0.178151  	
0.003289  	0.021603  	0.082344  	0.125078  	0.142219  	0.142219  	0.142219  	0.142219  	0.159897  	0.365414  	
0.077254  	0.087666  	0.087666  	0.092547  	0.121550  	0.121550  	0.121550  	0.121550  	0.121550  	0.121550  	0.121550  	0.185094  	
0.015606  	0.025306  	0.107073  	0.107073  	0.201835  	0.206072  	0.233495  	0.233495  	0.233495  	0.233495  	0.259402  	0.261061  	0.261061  	0.261061  	0.261061  	0.261061  	0.261061  	0.261061  	0.281634  	0.563269  	
0.010496  	0.032894  	0.041290  	0.050007  	0.059263  	0.082640  	0.082640  	0.082640  	0.082640  	0.082640  	0.082640  	0.102345  	0.102345  	0.102345  	0.102345  	0.102345  	0.102345  	0.102345  	0.102345  	0.102345  	
0.032171  	0.080317  	0.101327  	0.101327  	0.101327  	0.149786  	0.149786  	0.149786  	
0.024734  	0.048372  	0.075345  	0.089842  	0.089842  	0.089842  	0.102187  	0.131381  	0.131381  	0.163726  	0.164965  	0.164965  	0.164965  	0.164965  	0.164965  	0.164965  	0.164965  	0.164965  	0.344396  	0.406923  	
0.028207  	0.065162  	0.132097  	0.132097  	0.161518  	0.161518  	0.161518  	0.161518  	0.161518  	0.239244  	0.288113  	0.345811  	0.345811  	0.435076  	0.435076  	0.435076  	0.435076  	0.435076  	0.493599  	0.493599  	
0.009530  	0.036026  	0.048919  	0.048919  	0.076347  	0.076347  	0.076347  	0.076347  	0.076347  	0.076347  	0.076347  	0.076347  	0.090922  	0.090922  	0.090922  	0.090922  	0.090922  	0.090922  	0.090922  	0.090922  	
0.052583  	0.052583  	0.052583  	0.062429  	0.111014  	0.111014  	0.111014  	0.181672  	0.181672  	0.181672  	0.181672  	0.181672  	0.181672  	0.181672  	0.181672  	0.181672  	0.261609  	0.261609  	
0.012978  	0.061612  	0.061612  	0.061612  	0.061733  	0.082193  	0.082193  	0.082193  	0.082193  	0.082193  	0.082193  	0.082193  	0.104720  	0.104720  	0.104720  	0.104720  	0.104720  	0.104720  	0.104720  	0.104720  	
0.050399  	0.193433  	0.197102  	0.197102  	0.197102  	0.224240  	0.405681  	0.481622  	0.481622  	0.532406  	0.548229  	0.548229  	0.548229  	0.548229  	0.548229  	0.548229  	0.548229  	0.548229  	0.548229  	0.548229  	
0.042910  	0.078147  	0.088400  	0.088400  	0.088400  	0.088400  	0.122530  	0.122530  	0.122530  	0.122530  	
0.012805  	0.060228  	0.080928  	0.080928  	0.080928  	0.080928  	0.080928  	0.080928  	0.080928  	0.080928  	0.080928  	0.080928  	0.103146  	0.103146  	0.103146  	0.103146  	0.103146  	0.103146  	0.103146  	0.103146  	
0.074078  	0.131614  	0.191471  	0.191471  	0.191471  	0.228448  	0.344856  	0.344856  	0.344856  	0.344856  	0.451295  	0.451295  	0.451295  	0.451295  	
0.029412  	0.062941  	0.089225  	0.089225  	0.123631  	0.123631  	0.123631  	0.123631  	0.123631  	
0.037510  	0.114410  	0.114410  	0.114410  	0.135544  	0.186775  	0.186775  	0.186775  	0.186775  	0.186775  	0.186775  	
0.015520  	0.017121  	0.022913  	0.043311  	0.050077  	0.050077  	0.063738  	0.073808  	0.073808  	0.077530  	0.077530  	0.092308  	0.092308  	0.092308  	0.092308  	0.092308  	0.092308  	0.092308  	0.092308  	0.092308  	
0.094825  	0.128115  	0.145745  	0.228358  	0.437235  	0.506857  	0.506857  	0.506857  	0.506857  	0.506857  	0.599592  	
0.019576  	0.022515  	0.043892  	0.043892  	0.043892  	0.044459  	0.075821  	0.075821  	0.075821  	0.075821  	0.075821  	0.075821  	0.094067  	0.094067  	0.094067  	
0.160009  	0.165894  	0.168129  	0.254611  	0.259634  	0.331788  	0.383591  	0.670554  	0.676378  	0.704232  	0.731892  	0.731892  	0.731892  	0.731892  	0.734776  	0.739860  	0.745888  	0.745888  	0.745888  	0.751866  	
0.038376  	0.050380  	0.060731  	0.076549  	0.076549  	0.076549  	0.076549  	0.076549  	0.076549  	0.076549  	0.076549  	0.106639  	0.106639  	0.106639  	0.106639  	0.106639  	0.106639  	
0.077149  	0.115531  	0.115531  	0.115531  	0.115531  	0.115531  	0.115531  	0.115531  	
0.015262  	0.079233  	0.088450  	0.103522  	0.119349  	0.119349  	0.120391  	0.252056  	0.286253  	0.286253  	0.286253  	0.286253  	0.286253  	0.296880  	0.296880  	0.320044  	0.320044  	0.320044  	0.320044  	0.320044  	
0.103566  	0.115217  	0.136678  	0.187984  	0.187984  	0.187984  	0.187984  	0.187984  	0.187984  	0.187984  	
0.020306  	0.043869  	0.045580  	0.045580  	0.068588  	0.084975  	0.084975  	0.084975  	0.084975  	0.084975  	0.084975  	0.112217  	0.112217  	0.112217  	0.112217  	0.112217  	0.112217  	0.112217  	0.112217  	0.112217  	
0.166650  	0.188853  	0.208298  	0.251085  	0.251085  	0.300634  	0.537977  	0.590793  	0.665158  	0.674721  	0.674721  	0.675219  	0.675219  	0.675219  	0.675219  	0.675219  	0.675219  	0.692625  	0.722977  	0.757150  	
0.052376  	0.052376  	0.052376  	0.110605  	0.130238  	0.181056  	0.181056  	0.181056  	0.181056  	
0.197841  	0.232947  	0.232947  	0.320173  	0.405930  	0.405930  	0.548484  	
0.167856  	0.167856  	0.226104  	0.242748  	0.305883  	0.327545  	0.331202  	0.505118  	0.555724  	0.557543  	0.606959  	0.712642  	0.753798  	0.753798  	0.753798  	0.753798  	0.753798  	0.753798  	
0.058492  	0.073756  	0.073756  	0.073756  	0.073756  	0.084747  	0.084747  	0.084747  	0.117649  	0.117649  	0.117649  	0.117649  	0.117649  	0.117649  	0.117649  	0.117649  	0.117649  	0.117649  	0.117649  	
0.068144  	0.154252  	0.154252  	0.154252  	0.154252  	0.154252  	0.158694  	0.219681  	0.244851  	0.244851  	0.244851  	0.244851  	0.244851  	
0.017108  	0.038866  	0.094123  	0.123901  	0.123901  	0.123901  	
0.047992  	0.057280  	0.059230  	0.059230  	0.076547  	0.076547  	0.076547  	0.076547  	0.101387  	0.101387  	0.101387  	0.101387  	0.101387  	0.101387  	0.101387  	0.101387  	
0.080106  	0.111425  	0.163833  	0.163833  	0.163833  	0.163833  	0.163833  	0.163833  	0.163833  	0.263033  	0.263033  	0.388197  	0.388197  	0.497848  	
0.010825  	0.021277  	0.028469  	0.032139  	0.035984  	0.035984  	0.057663  	0.066265  	0.066265  	0.066265  	0.066265  	0.066265  	0.066265  	0.066265  	0.075331  	0.075331  	0.075331  	0.075331  	0.075331  	0.075331  	
0.036060  	0.047242  	0.095938  	0.095938  	0.142228  	0.142228  	0.142228  	
0.085189  	0.091924  	0.119858  	0.246952  	0.399521  	0.416414  	0.506783  	0.509705  	0.509705  	0.509705  	0.509705  	0.599520  	0.599520  	
0.050731  	0.050731  	0.051282  	0.084448  	0.086765  	0.086765  	0.129261  	0.129261  	0.129261  	0.129261  	0.129261  	0.129261  	0.129261  	0.129261  	0.129261  	
0.016261  	0.079733  	0.079733  	0.079733  	0.079733  	0.079733  	0.079733  	0.079733  	0.079733  	0.079733  	0.105488  	0.105488  	0.105488  	0.105488  	0.105488  	0.105488  	0.105488  	0.105488  	0.105488  	0.105488  	
0.268754  	0.337845  	0.347463  	0.405755  	0.651255  	0.726277  	0.744758  	0.744758  	0.744758  	
0.072756  	0.109833  	0.109833  	0.126019  	0.168936  	0.184511  	0.202950  	0.217731  	0.276767  	0.317892  	0.317892  	0.317892  	0.317892  	0.326596  	0.557628  	0.557628  	0.557628  	0.557628  	0.557628  	0.631775  	
0.071586  	0.079534  	0.105618  	0.105618  	0.290848  	0.290848  	0.290848  	0.290848  	0.290848  	0.371304  	0.371304  	0.371304  	0.371304  	
0.034711  	0.044101  	0.054892  	0.072388  	0.072388  	0.072388  	0.072388  	0.072388  	0.096018  	0.096018  	0.096018  	0.096018  	0.096018  	0.096018  	0.096018  	0.096018  	0.096018  	0.096018  	0.096018  	0.096018  	
0.165396  	0.214994  	0.520526  	0.570894  	0.570894  	0.629118  	0.629118  	0.629118  	0.675197  	0.675197  	0.675197  	
0.041786  	0.048067  	0.053611  	0.069752  	0.081315  	0.081315  	0.081315  	0.113049  	0.113049  	0.113049  	0.113049  	0.113049  	0.113049  	
0.025877  	0.050845  	0.050845  	0.066248  	0.066248  	0.074263  	0.078670  	0.092778  	0.099794  	0.099794  	0.137658  	0.137658  	0.137658  	0.137658  	0.137658  	0.137658  	0.137658  	0.236010  	
0.010332  	0.019530  	0.022042  	0.022042  	0.035764  	0.040295  	0.040295  	0.040295  	0.040295  	0.060763  	0.070568  	0.070568  	0.070568  	0.070568  	0.070568  	0.070568  	0.070568  	0.070568  	0.080929  	0.080929  	
